260000, 306, 328
260000, 339, 328
260000, 322, 328
260000, 345, 327
260000, 303, 328
260000, 318, 328
260000, 302, 327
260000, 314, 328
260000, 303, 328
260000, 325, 327
260000, 304, 328
260000, 318, 328
260000, 291, 327
260000, 318, 328
260000, 307, 328
260000, 315, 327
260000, 310, 328
260000, 324, 328
260000, 298, 328
260000, 306, 327
260000, 305, 328
260000, 318, 328
260000, 302, 327
260000, 315, 328
260000, 301, 328
260000, 312, 327
260000, 302, 328
260000, 310, 328
260000, 294, 327
260000, 315, 328
260000, 295, 328
260000, 318, 328
260000, 303, 327
260000, 310, 328
260000, 297, 328
260000, 310, 327
260000, 303, 328
260000, 321, 328
260000, 300, 327
260000, 322, 328
260000, 304, 328
260000, 316, 327
260000, 298, 328
260000, 309, 328
260000, 299, 328
260000, 314, 327
260000, 300, 328
260000, 317, 328
260000, 304, 327
260000, 317, 328
260000, 301, 328
260000, 319, 327
260000, 302, 328
260000, 318, 328
260000, 295, 327
260000, 318, 328
260000, 303, 328
260000, 313, 328
260000, 300, 327
260000, 325, 328
260000, 304, 328
260000, 318, 327
260000, 300, 328
260000, 314, 328
260000, 301, 327
260000, 314, 328
260000, 306, 328
260000, 321, 327
260000, 305, 328
260000, 318, 328
260000, 306, 327
260000, 308, 328
260000, 308, 328
260000, 319, 328
260000, 304, 327
260000, 313, 328
260000, 301, 328
260000, 318, 327
260000, 299, 328
260000, 313, 328
260000, 304, 327
260000, 316, 328
260000, 313, 328
260000, 322, 327
260000, 296, 328
260000, 312, 328
260000, 302, 328
260000, 315, 327
260000, 298, 328
260000, 314, 328
260000, 304, 327
260000, 319, 328
260000, 307, 328
260000, 323, 327
260000, 297, 328
260000, 208, 328
260000, 29697, 365
260000, 216, 290
260000, 343, 328
260000, 208, 327
260000, 336, 328
260000, 201, 328
260000, 345, 328
260000, 213, 327
260000, 316, 328
260000, 206, 328
260000, 319, 327
260000, 206, 328
260000, 313, 328
260000, 216, 327
260000, 311, 328
260000, 206, 328
260000, 310, 328
260000, 204, 327
260000, 322, 328
260000, 213, 327
260000, 309, 328
260000, 213, 328
260000, 318, 328
260000, 210, 327
260000, 317, 328
260000, 205, 328
260000, 316, 327
260000, 206, 328
260000, 319, 328
260000, 206, 327
260000, 317, 328
260000, 206, 328
260000, 313, 328
260000, 214, 327
260000, 314, 328
260000, 208, 328
260000, 394, 327
260000, 207, 328
260000, 312, 328
260000, 209, 327
260000, 313, 328
260000, 204, 328
260000, 311, 327
260000, 210, 328
260000, 315, 328
260000, 203, 327
260000, 310, 328
260000, 210, 328
260000, 314, 328
260000, 207, 327
260000, 312, 328
260000, 161, 328
260000, 324, 327
260000, 297, 328
260000, 338, 328
260000, 303, 327
260000, 334, 328
260000, 299, 328
260000, 343, 328
260000, 370, 327
260000, 339, 328
260000, 300, 328
260000, 335, 327
260000, 301, 328
260000, 341, 328
260000, 303, 327
260000, 335, 328
260000, 299, 328
260000, 339, 328
260000, 304, 327
260000, 344, 328
260000, 311, 328
260000, 339, 327
260000, 300, 328
260000, 346, 328
260000, 309, 327
260000, 337, 328
260000, 312, 328
260000, 337, 327
260000, 301, 328
260000, 344, 328
260000, 298, 327
260000, 342, 328
260000, 296, 328
260000, 349, 328
260000, 309, 327
260000, 335, 328
260000, 305, 328
260000, 316, 327
260000, 309, 328
260000, 312, 328
260000, 294, 327
260000, 314, 328
260000, 298, 328
260000, 321, 327
260000, 305, 328
260000, 316, 328
260000, 298, 327
260000, 314, 328
260000, 301, 328
260000, 212, 327
260000, 315, 328
260000, 317, 328
260000, 306, 328
260000, 318, 327
260000, 301, 328
260000, 337, 328
260000, 308, 327
260000, 322, 328
260000, 298, 328
260000, 321, 328
260000, 306, 327
260000, 320, 328
260000, 303, 328
260000, 321, 327
260000, 301, 328
260000, 322, 328
260000, 303, 327
260000, 321, 328
260000, 298, 328
260000, 28835, 363
260000, 405, 292
260000, 328, 328
260000, 312, 327
260000, 337, 328
260000, 307, 328
260000, 329, 328
260000, 304, 327
260000, 316, 328
260000, 304, 328
260000, 327, 327
260000, 301, 328
260000, 313, 328
260000, 303, 327
260000, 326, 328
260000, 306, 328
260000, 325, 327
260000, 302, 328
260000, 315, 328
260000, 294, 328
260000, 328, 327
260000, 299, 328
260000, 326, 328
260000, 305, 327
260000, 322, 328
260000, 305, 328
260000, 327, 327
260000, 305, 328
260000, 324, 328
260000, 401, 328
260000, 148, 327
260000, 211, 328
260000, 786, 328
260000, 344, 327
260000, 322, 328
260000, 350, 328
260000, 309, 327
260000, 315, 328
260000, 309, 328
260000, 394, 327
260000, 305, 328
260000, 323, 328
260000, 304, 327
260000, 315, 328
260000, 305, 328
260000, 379, 328
260000, 340, 327
260000, 320, 328
260000, 309, 328
260000, 324, 327
260000, 304, 328
260000, 318, 328
260000, 299, 327
260000, 314, 328
260000, 302, 328
260000, 428, 328
260000, 339, 327
260000, 327, 328
260000, 302, 327
260000, 321, 328
260000, 307, 328
260000, 327, 328
260000, 303, 327
260000, 320, 328
260000, 304, 328
260000, 482, 328
260000, 347, 327
260000, 329, 328
260000, 312, 327
260000, 317, 328
260000, 302, 328
260000, 322, 327
260000, 309, 328
260000, 323, 328
260000, 307, 328
260000, 322, 327
260000, 303, 328
260000, 319, 328
260000, 307, 327
260000, 318, 328
260000, 306, 328
260000, 317, 327
260000, 306, 328
260000, 328, 328
260000, 317, 327
260000, 319, 328
260000, 330, 328
260000, 315, 328
260000, 321, 327
260000, 319, 328
260000, 301, 328
260000, 317, 327
260000, 307, 328
260000, 316, 328
260000, 312, 327
260000, 221, 328
260000, 331, 328
260000, 211, 327
260000, 311, 328
260000, 205, 328
260000, 325, 328
260000, 208, 327
260000, 318, 328
260000, 206, 327
260000, 311, 328
260000, 211, 328
260000, 321, 328
260000, 209, 327
260000, 320, 328
260000, 207, 328
260000, 312, 327
260000, 210, 328
260000, 320, 328
260000, 202, 327
260000, 306, 328
260000, 207, 328
260000, 310, 328
260000, 208, 327
260000, 311, 328
260000, 211, 328
260000, 307, 327
260000, 201, 328
260000, 318, 328
260000, 205, 327
260000, 309, 328
260000, 211, 328
260000, 323, 328
260000, 212, 327
260000, 314, 328
260000, 207, 327
260000, 317, 328
260000, 207, 328
260000, 319, 328
260000, 206, 327
260000, 316, 328
260000, 210, 328
260000, 308, 327
260000, 206, 328
260000, 311, 328
260000, 204, 327
260000, 317, 328
260000, 216, 328
260000, 306, 328
260000, 201, 327
260000, 315, 328
260000, 209, 328
260000, 311, 327
260000, 206, 328
260000, 313, 328
260000, 209, 327
260000, 313, 328
260000, 146, 328
260000, 331, 327
260000, 308, 328
260000, 342, 328
260000, 300, 328
260000, 342, 327
260000, 294, 328
260000, 337, 328
260000, 295, 327
260000, 345, 328
260000, 304, 328
260000, 344, 327
260000, 303, 328
260000, 340, 328
260000, 291, 327
260000, 343, 328
260000, 300, 328
260000, 340, 328
260000, 301, 327
260000, 340, 328
260000, 298, 328
260000, 342, 327
260000, 301, 328
260000, 340, 328
260000, 299, 327
260000, 332, 328
260000, 301, 328
260000, 348, 327
260000, 298, 328
260000, 342, 328
260000, 302, 328
260000, 346, 327
260000, 302, 328
260000, 344, 328
260000, 299, 327
260000, 329, 328
260000, 306, 328
260000, 316, 327
260000, 305, 328
260000, 315, 328
260000, 302, 327
260000, 322, 328
260000, 341, 328
260000, 318, 328
260000, 300, 327
260000, 325, 328
260000, 303, 328
260000, 324, 327
260000, 300, 328
260000, 315, 328
260000, 298, 327
260000, 322, 328
260000, 303, 328
260000, 312, 327
260000, 298, 328
260000, 319, 328
260000, 306, 327
260000, 322, 328
260000, 308, 328
260000, 312, 328
260000, 296, 327
260000, 317, 328
260000, 306, 328
260000, 315, 327
260000, 296, 328
260000, 319, 328
260000, 303, 327
260000, 315, 328
260000, 309, 328
260000, 318, 327
260000, 298, 328
260000, 311, 328
260000, 295, 328
260000, 318, 327
260000, 295, 328
260000, 320, 328
260000, 302, 327
260000, 323, 328
260000, 298, 328
260000, 319, 327
260000, 301, 328
260000, 318, 328
260000, 299, 327
260000, 325, 328
260000, 302, 328
260000, 314, 328
260000, 306, 327
260000, 318, 328
260000, 327, 328
260000, 310, 327
260000, 304, 328
260000, 305, 328
260000, 302, 327
260000, 321, 328
260000, 293, 328
260000, 312, 327
260000, 305, 328
260000, 315, 328
260000, 301, 328
260000, 316, 327
260000, 297, 328
260000, 315, 328
260000, 302, 327
260000, 315, 328
260000, 308, 328
260000, 318, 327
260000, 305, 328
260000, 315, 328
260000, 436, 328
260000, 335, 327
260000, 309, 328
260000, 316, 328
260000, 303, 327
260000, 312, 328
260000, 310, 328
260000, 315, 327
260000, 304, 328
260000, 310, 328
260000, 305, 327
260000, 308, 328
260000, 302, 328
260000, 314, 327
260000, 299, 328
260000, 314, 328
260000, 335, 328
260000, 206, 327
260000, 337, 328
260000, 208, 327
260000, 335, 328
260000, 207, 328
260000, 338, 328
260000, 202, 327
260000, 337, 328
260000, 199, 328
260000, 333, 327
260000, 211, 328
260000, 342, 328
260000, 209, 327
260000, 342, 328
260000, 209, 328
260000, 329, 328
260000, 203, 327
260000, 332, 328
260000, 209, 327
260000, 332, 328
260000, 207, 328
260000, 336, 328
260000, 204, 327
260000, 330, 328
260000, 212, 328
260000, 331, 327
260000, 210, 328
260000, 330, 328
260000, 205, 327
260000, 332, 328
260000, 211, 328
260000, 331, 328
260000, 203, 327
260000, 335, 328
260000, 209, 328
260000, 331, 327
260000, 210, 328
260000, 333, 328
260000, 212, 327
260000, 325, 328
260000, 209, 328
260000, 323, 328
260000, 206, 327
260000, 310, 328
260000, 203, 327
260000, 311, 328
260000, 206, 328
260000, 314, 328
260000, 206, 327
260000, 316, 328
260000, 210, 328
260000, 316, 327
260000, 210, 328
260000, 315, 328
260000, 196, 327
260000, 316, 328
260000, 209, 328
260000, 311, 328
260000, 710, 328
260000, 329, 327
260000, 300, 328
260000, 353, 327
260000, 303, 328
260000, 387, 328
260000, 311, 327
260000, 344, 328
260000, 309, 328
260000, 342, 328
260000, 300, 327
260000, 337, 328
260000, 299, 328
260000, 331, 327
260000, 301, 328
260000, 342, 328
260000, 300, 327
260000, 338, 328
260000, 310, 328
260000, 336, 327
260000, 295, 328
260000, 342, 328
260000, 308, 327
260000, 349, 328
260000, 297, 328
260000, 339, 328
260000, 303, 327
260000, 335, 328
260000, 298, 328
260000, 343, 327
260000, 305, 328
260000, 338, 328
260000, 298, 327
260000, 321, 328
260000, 299, 328
260000, 322, 327
260000, 301, 328
260000, 315, 328
260000, 304, 328
260000, 321, 327
260000, 310, 328
260000, 315, 328
260000, 302, 327
260000, 317, 328
260000, 304, 328
260000, 314, 327
260000, 294, 328
260000, 308, 328
260000, 313, 327
260000, 324, 328
260000, 307, 328
260000, 313, 328
260000, 321, 327
260000, 324, 328
260000, 301, 328
260000, 315, 327
260000, 302, 328
260000, 309, 328
260000, 305, 327
260000, 315, 328
260000, 305, 328
260000, 320, 327
260000, 294, 328
260000, 311, 328
260000, 305, 327
260000, 313, 328
260000, 303, 328
260000, 318, 328
260000, 297, 327
260000, 315, 328
260000, 301, 328
260000, 316, 327
260000, 301, 328
260000, 306, 328
260000, 300, 327
260000, 319, 328
260000, 303, 328
260000, 320, 328
260000, 299, 327
260000, 318, 328
260000, 303, 328
260000, 315, 327
260000, 300, 328
260000, 315, 328
260000, 306, 327
260000, 317, 328
260000, 310, 328
260000, 318, 327
260000, 309, 328
260000, 323, 328
260000, 298, 327
260000, 315, 328
260000, 296, 328
260000, 241, 327
260000, 313, 328
260000, 236, 328
260000, 309, 328
260000, 238, 327
260000, 316, 328
260000, 240, 328
260000, 313, 327
260000, 239, 328
260000, 321, 328
260000, 238, 327
260000, 320, 328
260000, 239, 328
260000, 308, 328
260000, 241, 327
260000, 313, 328
260000, 237, 328
260000, 313, 327
260000, 240, 328
260000, 309, 328
260000, 241, 327
260000, 313, 328
260000, 240, 328
260000, 26431, 360
260000, 256, 295
260000, 23818, 357
260000, 254, 298
260000, 323, 328
260000, 208, 328
260000, 312, 328
260000, 217, 327
260000, 320, 328
260000, 208, 328
260000, 312, 327
260000, 205, 328
260000, 312, 328
260000, 206, 327
260000, 316, 328
260000, 206, 328
260000, 312, 328
260000, 209, 327
260000, 315, 328
260000, 210, 327
260000, 313, 328
260000, 209, 328
260000, 314, 328
260000, 206, 327
260000, 313, 328
260000, 206, 328
260000, 315, 327
260000, 215, 328
260000, 316, 328
260000, 206, 327
260000, 196, 328
260000, 215, 328
260000, 311, 328
260000, 209, 327
260000, 305, 328
260000, 207, 328
260000, 248, 327
260000, 208, 328
260000, 311, 328
260000, 207, 327
260000, 311, 328
260000, 204, 328
260000, 317, 327
260000, 209, 328
260000, 314, 328
260000, 203, 327
260000, 316, 328
260000, 210, 328
260000, 314, 328
260000, 210, 327
260000, 309, 328
260000, 215, 328
260000, 326, 327
260000, 207, 328
260000, 317, 328
260000, 209, 327
260000, 311, 328
260000, 217, 328
260000, 316, 328
260000, 202, 327
260000, 313, 328
260000, 344, 328
260000, 338, 327
260000, 309, 328
260000, 336, 328
260000, 303, 327
260000, 337, 328
260000, 300, 328
260000, 346, 327
260000, 307, 328
260000, 339, 328
260000, 307, 328
260000, 338, 327
260000, 300, 328
260000, 335, 328
260000, 294, 327
260000, 345, 328
260000, 300, 328
260000, 340, 327
260000, 295, 328
260000, 347, 328
260000, 309, 327
260000, 335, 328
260000, 308, 328
260000, 342, 328
260000, 303, 327
260000, 341, 328
260000, 299, 328
260000, 346, 327
260000, 350, 328
260000, 346, 328
260000, 306, 327
260000, 333, 328
260000, 309, 328
260000, 317, 327
260000, 306, 328
260000, 318, 328
260000, 296, 327
260000, 321, 328
260000, 300, 328
260000, 319, 328
260000, 308, 327
260000, 323, 328
260000, 300, 328
260000, 312, 327
260000, 300, 328
260000, 314, 328
260000, 305, 327
260000, 311, 328
260000, 304, 328
260000, 319, 327
260000, 300, 328
260000, 309, 328
260000, 303, 328
260000, 319, 327
260000, 306, 328
260000, 319, 328
260000, 297, 327
260000, 327, 328
260000, 305, 328
260000, 311, 327
260000, 300, 328
260000, 318, 328
260000, 291, 327
260000, 313, 328
260000, 304, 328
260000, 325, 328
260000, 299, 327
260000, 326, 328
260000, 309, 328
260000, 213, 327
260000, 314, 328
260000, 323, 328
260000, 308, 327
260000, 322, 328
260000, 304, 328
260000, 215, 327
260000, 316, 328
260000, 320, 328
260000, 307, 327
260000, 313, 328
260000, 301, 328
260000, 316, 328
260000, 306, 327
260000, 308, 328
260000, 298, 328
260000, 311, 327
260000, 307, 328
260000, 319, 328
260000, 299, 327
260000, 318, 328
260000, 299, 328
260000, 319, 328
260000, 302, 327
260000, 319, 328
260000, 302, 328
260000, 317, 327
260000, 300, 328
260000, 317, 328
260000, 309, 327
260000, 314, 328
260000, 300, 328
260000, 313, 327
260000, 303, 328
260000, 319, 328
260000, 304, 327
260000, 322, 328
260000, 303, 328
260000, 320, 328
260000, 310, 327
260000, 327, 328
260000, 301, 328
260000, 319, 327
260000, 306, 328
260000, 323, 328
260000, 302, 327
260000, 315, 328
260000, 294, 328
260000, 318, 327
260000, 304, 328
260000, 322, 328
260000, 294, 328
260000, 210, 327
260000, 327, 328
260000, 202, 327
260000, 330, 328
260000, 210, 328
260000, 334, 328
260000, 203, 327
260000, 369, 328
260000, 216, 328
260000, 329, 327
260000, 207, 328
260000, 313, 328
260000, 206, 327
260000, 316, 328
260000, 208, 328
260000, 312, 328
260000, 217, 327
260000, 307, 328
260000, 208, 328
260000, 312, 327
260000, 204, 328
260000, 317, 328
260000, 206, 327
260000, 313, 328
260000, 205, 328
260000, 310, 328
260000, 206, 327
260000, 309, 328
260000, 207, 327
260000, 309, 328
260000, 205, 328
260000, 312, 328
260000, 202, 327
260000, 315, 328
260000, 202, 328
260000, 315, 327
260000, 199, 328
260000, 314, 328
260000, 206, 327
260000, 312, 328
260000, 207, 328
260000, 312, 328
260000, 203, 327
260000, 311, 328
260000, 202, 328
260000, 308, 327
260000, 206, 328
260000, 319, 328
260000, 210, 327
260000, 307, 328
260000, 202, 328
260000, 311, 327
260000, 208, 328
260000, 317, 328
260000, 205, 327
260000, 340, 328
260000, 211, 328
260000, 317, 328
260000, 207, 327
260000, 312, 328
260000, 244, 328
260000, 314, 327
260000, 299, 328
260000, 351, 328
260000, 308, 327
260000, 339, 328
260000, 304, 328
260000, 349, 328
260000, 311, 327
260000, 346, 328
260000, 314, 328
260000, 341, 327
260000, 292, 328
260000, 347, 328
260000, 309, 327
260000, 339, 328
260000, 312, 328
260000, 341, 327
260000, 301, 328
260000, 339, 328
260000, 299, 328
260000, 337, 327
260000, 295, 328
260000, 343, 328
260000, 300, 327
260000, 338, 328
260000, 307, 328
260000, 347, 327
260000, 290, 328
260000, 349, 328
260000, 299, 327
260000, 344, 328
260000, 301, 328
260000, 335, 328
260000, 360, 327
260000, 158, 328
260000, 206, 328
260000, 330, 328
260000, 203, 327
260000, 327, 328
260000, 206, 327
260000, 331, 328
260000, 210, 328
260000, 329, 328
260000, 209, 327
260000, 331, 328
260000, 212, 328
260000, 327, 327
260000, 211, 328
260000, 333, 328
260000, 207, 327
260000, 330, 328
260000, 204, 328
260000, 332, 328
260000, 209, 327
260000, 334, 328
260000, 202, 328
260000, 332, 327
260000, 207, 328
260000, 339, 328
260000, 207, 327
260000, 336, 328
260000, 206, 328
260000, 310, 327
260000, 206, 328
260000, 311, 328
260000, 208, 327
260000, 313, 328
260000, 208, 328
260000, 303, 328
260000, 204, 327
260000, 336, 328
260000, 207, 328
260000, 312, 327
260000, 204, 328
260000, 317, 328
260000, 207, 327
260000, 312, 328
260000, 209, 328
260000, 309, 328
260000, 208, 327
260000, 321, 328
260000, 206, 327
260000, 306, 328
260000, 204, 328
260000, 308, 328
260000, 207, 327
260000, 308, 328
260000, 305, 328
260000, 337, 327
260000, 300, 328
260000, 437, 328
260000, 300, 328
260000, 352, 327
260000, 307, 328
260000, 342, 328
260000, 301, 327
260000, 341, 328
260000, 292, 328
260000, 342, 327
260000, 304, 328
260000, 340, 328
260000, 308, 327
260000, 350, 328
260000, 306, 328
260000, 349, 328
260000, 326, 327
260000, 336, 328
260000, 304, 328
260000, 340, 327
260000, 295, 328
260000, 335, 328
260000, 299, 327
260000, 330, 328
260000, 306, 328
260000, 345, 327
